60
111 1 1 1
118 0 1 1
210 1 1 1
215 0 1 1
303 1 1 1
312 0 1 1
362 1 1 1
368 0 1 1
393 1 1 1
401 0 1 1
412 1 1 1
418 0 1 1
425 1 1 1
429 0 1 1
433 1 1 1
440 0 1 1
452 1 1 1
459 0 1 1
468 1 1 1
473 0 1 1
486 1 1 1
490 0 1 1
495 1 1 1
506 0 1 1
514 1 1 1
519 0 1 1
530 1 1 1
535 0 1 1
541 1 1 1
547 0 1 1
556 1 1 1
561 0 1 1
570 1 1 1
573 0 1 1
591 1 1 1
602 0 1 1
609 1 1 1
619 0 1 1
628 1 1 1
693 0 1 1
709 1 1 1
716 0 1 1
722 1 1 1
729 0 1 1
734 1 1 1
743 0 1 1
749 1 1 1
754 0 1 1
780 1 1 1
792 0 1 1
794 1 1 1
802 0 1 1
819 1 1 1
825 0 1 1
831 1 1 1
836 0 1 1
870 1 1 1
875 0 1 1
899 1 1 1
906 0 1 1
929 1 1 1
933 0 1 1
964 1 1 1
969 0 1 1
998 1 1 1
1006 0 1 1
1035 1 1 1
1042 0 1 1
1064 1 1 1
1065 0 1 1
1089 1 1 1
1090 0 1 1
1128 1 1 1
1131 0 1 1
1149 1 1 1
1152 0 1 1
1183 1 1 1
1187 0 1 1
1211 1 1 1
1215 0 1 1
1255 1 1 1
1267 0 1 1
1358 1 1 1
1363 0 1 1
1379 1 1 1
1384 0 1 1
1423 1 1 1
1429 0 1 1
1459 1 1 1
1465 0 1 1
1542 1 1 1
1550 0 1 1
1555 1 1 1
1561 0 1 1
1566 1 1 1
1572 0 1 1
1581 1 1 1
1584 0 1 1
1601 1 1 1
1609 0 1 1
1614 1 1 1
1621 0 1 1
1691 1 1 1
1695 0 1 1
1714 1 1 1
1721 0 1 1
1725 1 1 1
1743 0 1 1
1752 1 1 1
1756 0 1 1
1766 1 1 1
1770 0 1 1
1777 1 1 1
1783 0 1 1
1792 1 1 1
1797 0 1 1
1809 1 1 1
1815 0 1 1
1825 1 1 1
1826 0 1 1
1835 1 1 1
1841 0 1 1
1847 1 1 1
1854 0 1 1
1863 1 1 1
1866 0 1 1
1878 1 1 1
1889 0 1 1
1893 1 1 1
1899 0 1 1
1906 1 1 1
1909 0 1 1
1912 1 1 1
1918 0 1 1
1939 1 1 1
1952 0 1 1
1962 1 1 1
1965 0 1 1
1973 1 1 1
1978 0 1 1
1981 1 1 1
1988 0 1 1
1988 1 1 1
1994 0 1 1
1998 1 1 1
2003 0 1 1
2012 1 1 1
2017 0 1 1
2042 1 1 1
2048 0 1 1
2056 1 1 1
2060 0 1 1
2067 1 1 1
2072 0 1 1
2079 1 1 1
2085 0 1 1
2091 1 1 1
2097 0 1 1
2103 1 1 1
2114 0 1 1
2143 1 1 1
2148 0 1 1
2156 1 1 1
2164 0 1 1
2166 1 1 1
2177 0 1 1
2180 1 1 1
2185 0 1 1
2185 1 1 1
2190 0 1 1
2192 1 1 1
2197 0 1 1
2200 1 1 1
2204 0 1 1
2207 1 1 1
2212 0 1 1
2214 1 1 1
2217 0 1 1
2219 1 1 1
2226 0 1 1
2226 1 1 1
2230 0 1 1
2231 1 1 1
2236 0 1 1
2273 1 1 1
2283 0 1 1
2285 1 1 1
2299 0 1 1
2328 1 1 1
2343 0 1 1
2344 1 1 1
2348 0 1 1
2351 1 1 1
2355 0 1 1
2357 1 1 1
2360 0 1 1
2363 1 1 1
2368 0 1 1
2370 1 1 1
2373 0 1 1
2376 1 1 1
2381 0 1 1
2383 1 1 1
2388 0 1 1
2391 1 1 1
2396 0 1 1
2398 1 1 1
2402 0 1 1
2404 1 1 1
2410 0 1 1
2410 1 1 1
2415 0 1 1
2417 1 1 1
2423 0 1 1
2425 1 1 1
2429 0 1 1
2472 1 1 1
2478 0 1 1
2479 1 1 1
2485 0 1 1
2485 1 1 1
2500 0 1 1
2531 1 1 1
2539 0 1 1
2539 1 1 1
2544 0 1 1
2546 1 1 1
2550 0 1 1
2552 1 1 1
2556 0 1 1
2558 1 1 1
2561 0 1 1
2565 1 1 1
2568 0 1 1
2571 1 1 1
2574 0 1 1
2579 1 1 1
2582 0 1 1
2584 1 1 1
2590 0 1 1
2592 1 1 1
2604 0 1 1
2612 1 1 1
2616 0 1 1
2619 1 1 1
2629 0 1 1
2631 1 1 1
2637 0 1 1
2638 1 1 1
2644 0 1 1
2674 1 1 1
2685 0 1 1
2686 1 1 1
2688 0 1 1
2694 1 1 1
2698 0 1 1
2701 1 1 1
2702 0 1 1
2737 1 1 1
2749 0 1 1
2751 1 1 1
2755 0 1 1
2757 1 1 1
2760 0 1 1
2763 1 1 1
2767 0 1 1
2769 1 1 1
2773 0 1 1
2776 1 1 1
2780 0 1 1
2781 1 1 1
2785 0 1 1
2789 1 1 1
2792 0 1 1
2793 1 1 1
2796 0 1 1
2803 1 1 1
2809 0 1 1
2819 1 1 1
2822 0 1 1
2825 1 1 1
2830 0 1 1
2832 1 1 1
2835 0 1 1
2838 1 1 1
2841 0 1 1
2850 1 1 1
2853 0 1 1
2860 1 1 1
2862 0 1 1
2865 1 1 1
2867 0 1 1
2987 1 1 1
2991 0 1 1
3008 1 1 1
3013 0 1 1
3043 1 1 1
3047 0 1 1
3052 1 1 1
3058 0 1 1
3069 1 1 1
3076 0 1 1
3081 1 1 1
3085 0 1 1
3116 1 1 1
3124 0 1 1
3128 1 1 1
3134 0 1 1
3163 1 1 1
3170 0 1 1
3176 1 1 1
3182 0 1 1
3188 1 1 1
3195 0 1 1
3221 1 1 1
3227 0 1 1
3232 1 1 1
3237 0 1 1
3259 1 1 1
3264 0 1 1
3283 1 1 1
3291 0 1 1
3315 1 1 1
3320 0 1 1
3340 1 1 1
3345 0 1 1
3364 1 1 1
3369 0 1 1
3378 1 1 1
3383 0 1 1
3407 1 1 1
3414 0 1 1
3424 1 1 1
3429 0 1 1
3453 1 1 1
3458 0 1 1
3479 1 1 1
3484 0 1 1
3507 1 1 1
3509 0 1 1
