60
80 1 1 1
87 0 1 1
106 1 1 1
114 0 1 1
130 1 1 1
138 0 1 1
144 1 1 1
152 0 1 1
172 1 1 1
180 0 1 1
195 1 1 1
204 0 1 1
215 1 1 1
224 0 1 1
231 1 1 1
243 0 1 1
269 1 1 1
279 0 1 1
297 1 1 1
306 0 1 1
319 1 1 1
327 0 1 1
340 1 1 1
349 0 1 1
370 1 1 1
378 0 1 1
384 1 1 1
393 0 1 1
401 1 1 1
409 0 1 1
475 1 1 1
482 0 1 1
489 1 1 1
500 0 1 1
572 1 1 1
579 0 1 1
599 1 1 1
609 0 1 1
628 1 1 1
636 0 1 1
642 1 1 1
651 0 1 1
660 1 1 1
668 0 1 1
681 1 1 1
689 0 1 1
731 1 1 1
739 0 1 1
752 1 1 1
760 0 1 1
867 1 1 1
875 0 1 1
1001 1 1 1
1008 0 1 1
1022 1 1 1
1030 0 1 1
1050 1 1 1
1061 0 1 1
1139 1 1 1
1148 0 1 1
1193 1 1 1
1205 0 1 1
1214 1 1 1
1223 0 1 1
1244 1 1 1
1260 0 1 1
1280 1 1 1
1288 0 1 1
1292 1 1 1
1300 0 1 1
1304 1 1 1
1313 0 1 1
1322 1 1 1
1333 0 1 1
1354 1 1 1
1365 0 1 1
1370 1 1 1
1379 0 1 1
1388 1 1 1
1540 0 1 1
1555 1 1 1
1563 0 1 1
1586 1 1 1
1596 0 1 1
1613 1 1 1
1621 0 1 1
1627 1 1 1
1636 0 1 1
1710 1 1 1
1720 0 1 1
1725 1 1 1
1734 0 1 1
1738 1 1 1
1747 0 1 1
1750 1 1 1
1758 0 1 1
1762 1 1 1
1769 0 1 1
1772 1 1 1
1780 0 1 1
1785 1 1 1
1794 0 1 1
1798 1 1 1
1806 0 1 1
1812 1 1 1
1820 0 1 1
1835 1 1 1
1843 0 1 1
1856 1 1 1
1865 0 1 1
1887 1 1 1
1897 0 1 1
1904 1 1 1
1912 0 1 1
1935 1 1 1
1943 0 1 1
1972 1 1 1
1982 0 1 1
2026 1 1 1
2034 0 1 1
2046 1 1 1
2056 0 1 1
2080 1 1 1
2086 0 1 1
2093 1 1 1
2100 0 1 1
2108 1 1 1
2116 0 1 1
2138 1 1 1
2146 0 1 1
2155 1 1 1
2161 0 1 1
2170 1 1 1
2177 0 1 1
2185 1 1 1
2191 0 1 1
2234 1 1 1
2241 0 1 1
2274 1 1 1
2282 0 1 1
2301 1 1 1
2311 0 1 1
2327 1 1 1
2336 0 1 1
2344 1 1 1
2352 0 1 1
2377 1 1 1
2386 0 1 1
2408 1 1 1
2417 0 1 1
2469 1 1 1
2470 0 1 1
2491 1 1 1
2497 0 1 1
2505 1 1 1
2511 0 1 1
2568 1 1 1
2576 0 1 1
2585 1 1 1
2592 0 1 1
2604 1 1 1
2607 0 1 1
2618 1 1 1
2623 0 1 1
2631 1 1 1
2640 0 1 1
2647 1 1 1
2665 0 1 1
2671 1 1 1
2678 0 1 1
2684 1 1 1
2701 0 1 1
2793 1 1 1
2804 0 1 1
2826 1 1 1
2844 0 1 1
2850 1 1 1
2859 0 1 1
2867 1 1 1
2875 0 1 1
2880 1 1 1
2891 0 1 1
2909 1 1 1
2917 0 1 1
2923 1 1 1
2929 0 1 1
2953 1 1 1
2969 0 1 1
2978 1 1 1
2987 0 1 1
2990 1 1 1
3013 0 1 1
3031 1 1 1
3038 0 1 1
3062 1 1 1
3083 0 1 1
3108 1 1 1
3114 0 1 1
3149 1 1 1
3158 0 1 1
3193 1 1 1
3201 0 1 1
3226 1 1 1
3242 0 1 1
3250 1 1 1
3259 0 1 1
3265 1 1 1
3273 0 1 1
3296 1 1 1
3311 0 1 1
3321 1 1 1
3347 0 1 1
3416 1 1 1
3429 0 1 1
3450 1 1 1
3460 0 1 1
3497 1 1 1
3505 0 1 1
3524 1 1 1
3534 0 1 1
3554 1 1 1
3576 0 1 1
3582 1 1 1
3591 0 1 1
3601 1 1 1
3606 0 1 1
3619 1 1 1
3630 0 1 1
3659 1 1 1
3670 0 1 1
3683 1 1 1
3700 0 1 1
3720 1 1 1
3733 0 1 1
3741 1 1 1
3748 0 1 1
3769 1 1 1
3794 0 1 1
3839 1 1 1
3848 0 1 1
3867 1 1 1
3875 0 1 1
3893 1 1 1
3909 0 1 1
3921 1 1 1
3930 0 1 1
3947 1 1 1
3970 0 1 1
3985 1 1 1
3994 0 1 1
4006 1 1 1
4017 0 1 1
4028 1 1 1
4039 0 1 1
4060 1 1 1
4069 0 1 1
4081 1 1 1
4093 0 1 1
4111 1 1 1
4119 0 1 1
4150 1 1 1
4151 0 1 1
4157 1 1 1
4166 0 1 1
4180 1 1 1
4190 0 1 1
4200 1 1 1
4211 0 1 1
4217 1 1 1
4226 0 1 1
4238 1 1 1
4246 0 1 1
4252 1 1 1
4262 0 1 1
4268 1 1 1
4277 0 1 1
4289 1 1 1
4298 0 1 1
4306 1 1 1
4313 0 1 1
4325 1 1 1
4334 0 1 1
4344 1 1 1
4353 0 1 1
4363 1 1 1
4371 0 1 1
4381 1 1 1
4389 0 1 1
4410 1 1 1
4418 0 1 1
4428 1 1 1
4437 0 1 1
4458 1 1 1
4469 0 1 1
4506 1 1 1
4514 0 1 1
4547 1 1 1
4554 0 1 1
4574 1 1 1
4583 0 1 1
4597 1 1 1
4606 0 1 1
4626 1 1 1
4637 0 1 1
4684 1 1 1
4690 0 1 1
4730 1 1 1
4739 0 1 1
4767 1 1 1
4775 0 1 1
4804 1 1 1
4810 0 1 1
4817 1 1 1
4824 0 1 1
4857 1 1 1
4857 0 1 1
4860 1 1 1
4871 0 1 1
4882 1 1 1
4894 0 1 1
4898 1 1 1
4906 0 1 1
4909 1 1 1
4916 0 1 1
4920 1 1 1
4925 0 1 1
4947 1 1 1
4957 0 1 1
4970 1 1 1
4979 0 1 1
4996 1 1 1
5005 0 1 1
5022 1 1 1
5029 0 1 1
5056 1 1 1
5066 0 1 1
5069 1 1 1
5087 0 1 1
5097 1 1 1
5105 0 1 1
5139 1 1 1
5151 0 1 1
5160 1 1 1
5166 0 1 1
5173 1 1 1
5185 0 1 1
5207 1 1 1
5216 0 1 1
5230 1 1 1
5240 0 1 1
5254 1 1 1
5301 0 1 1
5319 1 1 1
5328 0 1 1
